[gd_scene load_steps=8 format=2]

[ext_resource path="res://accets/Table/Table.tscn" type="PackedScene" id=1]
[ext_resource path="res://scenes/floor.tscn" type="PackedScene" id=2]
[ext_resource path="res://accets/Chair/Chair.tscn" type="PackedScene" id=3]
[ext_resource path="res://accets/Monitor/Monitor.tscn" type="PackedScene" id=4]
[ext_resource path="res://accets/Keyboard/Keyboard.tscn" type="PackedScene" id=5]
[ext_resource path="res://accets/Computer/Computer.tscn" type="PackedScene" id=6]

[sub_resource type="NavigationMesh" id=1]
vertices = PoolVector3Array( 9.8, 1.61562, -8.8, 10.1, 1.61562, -1, 10.4, 1.61562, -8.8, -23.8, 1.61562, -5.2, -17.2, 1.61562, -5.5, -24.1, 1.61562, -5.8, 2, 1.61562, -8.2, -1, 1.61562, -7.6, 2.3, 1.61562, -7.6, 2, 1.61562, -8.2, 2.3, 1.61562, -7.6, 2.3, 1.61562, -8.8, 10.4, 1.61562, -14.2, 17.3, 1.61562, -14.5, 9.8, 1.61562, -14.5, 9.5, 1.61562, 9.2, 9.8, 1.61562, 10.1, 10.4, 1.61562, 9.2, 9.8, 1.61562, 8.6, 10.4, 1.61562, 19.7, 9.8, 1.61562, 17.6, 9.5, 1.61562, 19.7, 2.3, 1.61562, -8.8, 3.8, 1.61562, -9.1, 2.3, 1.61562, -9.7, 9.8, 1.61562, -9.7, 7.4, 1.61562, -9.1, 9.8, 1.61562, -8.8, 10.4, 1.61562, -8.8, 10.4, 1.61562, -9.1, -17.5, 1.61562, 3.2, -15.7, 1.61562, 0.200001, -18.1, 1.61562, 2.3, -16, 1.61562, -19.3, -15.4, 1.61562, -19.6, -24.7, 1.61562, -20.2, -24.1, 1.61562, -19.3, -2.8, 1.61562, 10.1, 0.5, 1.61562, 9.2, -4, 1.61562, 9.8, -3.1, 1.61562, 11, -2.8, 1.61562, 10.1, -4, 1.61562, 9.8, -24.1, 1.61562, -4.3, -23.8, 1.61562, -5.2, -24.1, 1.61562, -5.8, -24.7, 1.61562, -3.7, 2, 1.61562, -8.2, 2.3, 1.61562, -8.8, 2.3, 1.61562, -9.7, 6.5, 1.61562, 4.1, 6.2, 1.61562, 3.5, 6.2, 1.61562, 5.6, 6.8, 1.61562, 5.9, 4.4, 1.61562, 20.3, 12.5, 1.61562, 20.3, 9.5, 1.61562, 19.7, 4.7, 1.61562, 19.7, 6.2, 1.61562, 5.6, 4.4, 1.61562, 5.9, 4.7, 1.61562, 6.5, 6.8, 1.61562, 5.9, -16, 1.61562, -8.2, -17.8, 1.61562, -7.6, -14.2, 1.61562, -7.6, -15.7, 1.61562, -8.2, -0.700001, 1.61562, 14.6, 4.4, 1.61562, 20.3, 4.7, 1.61562, 19.7, -3.1, 1.61562, 11, -5.5, 1.61562, 8.9, -24.7, 1.61562, -12.1, -24.1, 1.61562, -12.7, -24.1, 1.61562, -19.3, -24.7, 1.61562, -20.2, 6.8, 1.61562, 5.9, 4.7, 1.61562, 6.5, 9.5, 1.61562, 6.2, 9.8, 1.61562, 5.6, -15.4, 1.61562, -19.6, -13.6, 1.61562, -20.2, -24.7, 1.61562, -20.2, 4.7, 1.61562, 6.5, 4.4, 1.61562, 5.9, 4.1, 1.61562, 9.2, 5, 1.61562, 8.9, -13, 1.61562, 8.9, -12.7, 1.61562, 8.3, -17.5, 1.61562, 3.2, -19, 1.61562, 2.6, 9.8, 1.61562, 5.6, 9.5, 1.61562, 6.2, 9.8, 1.61562, 8.6, 10.4, 1.61562, 9.2, 10.4, 1.61562, 8.9, 9.5, 1.61562, 3.5, 6.2, 1.61562, 3.5, 6.5, 1.61562, 4.1, 9.5, 1.61562, 3.8, -16, 1.61562, -19.3, -16, 1.61562, -8.2, -15.7, 1.61562, -8.2, -15.4, 1.61562, -19.6, 9.5, 1.61562, 3.5, 9.5, 1.61562, 3.8, 9.8, 1.61562, 5.6, 10.4, 1.61562, 8.9, 10.1, 1.61562, 1.1, -3.1, 1.61562, 11, -4, 1.61562, 9.8, -5.2, 1.61562, 8.3, -5.5, 1.61562, 8.9, 5, 1.61562, 8.9, 4.1, 1.61562, 9.2, 9.5, 1.61562, 9.2, 9.8, 1.61562, 8.6, 12.5, 1.61562, 20.3, 10.4, 1.61562, 19.7, 9.5, 1.61562, 19.7, 12.5, 1.61562, 20.3, 20.6, 1.61562, 20.3, 19.7, 1.61562, 19.7, 10.4, 1.61562, 19.7, -5.5, 1.61562, 8.9, -5.2, 1.61562, 8.3, -12.7, 1.61562, 8.3, -13, 1.61562, 8.9, 2.6, 1.61562, -19.6, 11.3, 1.61562, -19.6, 9.2, 1.61562, -20.2, -2.2, 1.61562, -20.2, 19.7, 1.61562, -19.6, 19.7, 1.61562, -9.1, 20.6, 1.61562, -8.8, 20.6, 1.61562, -20.2, 1.7, 1.61562, -19.6, 2.6, 1.61562, -19.6, -2.2, 1.61562, -20.2, 10.4, 1.61562, -14.2, 9.8, 1.61562, -14.5, 9.8, 1.61562, -9.7, 10.4, 1.61562, -9.1, -24.7, 1.61562, -12.1, -24.7, 1.61562, -3.7, -24.1, 1.61562, -5.8, -24.1, 1.61562, -12.7, 11.3, 1.61562, -19.6, 19.7, 1.61562, -19.6, 20.6, 1.61562, -20.2, 9.2, 1.61562, -20.2, 19.7, 1.61562, -9.1, 10.4, 1.61562, -9.1, 10.4, 1.61562, -8.8, 20.6, 1.61562, -8.8, -7, 1.61562, -19.6, 1.7, 1.61562, -19.6, -2.2, 1.61562, -20.2, 10.4, 1.61562, 8.9, 10.4, 1.61562, 9.2, 19.7, 1.61562, 9.2, 20.6, 1.61562, 9.2, 10.4, 1.61562, 8.9, 19.7, 1.61562, 9.2, 1.7, 1.61562, -19.6, 2, 1.61562, -8.2, 2.3, 1.61562, -9.7, 2.6, 1.61562, -19.6, -13.6, 1.61562, -20.2, -15.4, 1.61562, -19.6, -7, 1.61562, -19.6, -2.2, 1.61562, -20.2, -19, 1.61562, 2.6, -17.5, 1.61562, 3.2, -18.1, 1.61562, 2.3, -24.1, 1.61562, -4.3, -24.7, 1.61562, -3.7, 20.6, 1.61562, 9.2, 19.7, 1.61562, 9.2, 19.7, 1.61562, 19.7, 20.6, 1.61562, 20.3, 13.7, 2.01562, -17.5, 17, 2.01562, -16.9, 17, 2.01562, -19, 13.7, 2.01562, -19.3, -1.3, 1.21562, -7, -1.6, 1.21562, -7.9, -2.2, 1.21562, -7.9, -2.5, 1.21562, -7, -18.4, 1.21562, -7.3, -20.2, 1.21562, -7.9, -20.8, 1.21562, -7, -7.6, 1.21562, -7, -7.9, 1.21562, -7.9, -8.5, 1.21562, -7.9, -8.8, 1.21562, -7, -7.3, 1.21562, -4.9, -7.9, 1.21562, -4.6, -7.9, 1.21562, 1.1, -6.7, 1.21562, -4.6, -12.7, 1.21562, -7, -13, 1.21562, -7.9, -13.6, 1.21562, -7.9, -13.9, 1.21562, -7, -12.7, 1.21562, -6.1, -20.8, 1.21562, -11.2, -22.3, 1.21562, -11.5, -22, 1.21562, -10.9, -20.2, 1.21562, -10.6, -19, 1.21562, -14.2, -19, 1.21562, -15.1, -19.6, 1.21562, -15.4, 1.1, 1.21562, -5.8, 2.9, 1.21562, -5.8, 2.9, 1.21562, -7.3, -1.3, 1.21562, -7, 0.199999, 1.21562, -6.1, -19, 1.21562, -14.2, -19, 1.21562, -12.4, -17.2, 1.21562, -12.4, -16.6, 1.21562, -13.9, -12.7, 1.21562, -7, -12.7, 1.21562, -6.1, -11.2, 1.21562, -6.1, -17.8, 1.21562, -18.4, -17.5, 1.21562, -16, -16.6, 1.21562, -16, -16.6, 1.21562, -19, -7.6, 1.21562, -7, -8.8, 1.21562, -7, -7.3, 1.21562, -5.8, -6.7, 1.21562, -6.1, -7.3, 1.21562, -5.8, -7.3, 1.21562, -4.9, -6.7, 1.21562, -4.6, -6.7, 1.21562, -6.1, -23.5, 1.21562, -8.5, -22.3, 1.21562, -8.5, -22, 1.21562, -10.9, -22.3, 1.21562, -11.5, -20.8, 1.21562, -7, -23.5, 1.21562, -6.7, -23.5, 1.21562, -6.1, -19, 1.21562, -12.4, -19, 1.21562, -14.2, -19.6, 1.21562, -15.4, -20.5, 1.21562, -18.1, -19.6, 1.21562, -18.1, -17.8, 1.21562, -18.4, -16.6, 1.21562, -19, -23.5, 1.21562, -19, -23.5, 1.21562, -18.4, -3.7, 1.21562, 1.1, -3.7, 1.21562, -4.6, -6.7, 1.21562, -4.6, -7.9, 1.21562, 1.1, -16.6, 1.21562, -8.5, -16.6, 1.21562, -13.9, -17.2, 1.21562, -12.4, -17.2, 1.21562, -10, 1.1, 1.21562, -5.8, 0.199999, 1.21562, -6.1, 0.199999, 1.21562, -4.6, 1.4, 1.21562, 1.1, -18.1, 1.21562, -8.5, -16.6, 1.21562, -8.5, -17.2, 1.21562, -10, -19, 1.21562, -10, -12.7, 1.21562, -6.1, -12.7, 1.21562, -4.6, -11.2, 1.21562, -4.6, -11.2, 1.21562, -6.1, -20.2, 1.21562, -7.9, -18.4, 1.21562, -7.3, -18.1, 1.21562, -8.5, -19, 1.21562, -10, -20.2, 1.21562, -10.6, -18.4, 1.21562, -7.3, -20.8, 1.21562, -7, -23.5, 1.21562, -6.1, -12.7, 1.21562, -6.1, -13.9, 1.21562, -7, -11.2, 1.21562, -6.1, -7.3, 1.21562, -5.8, -8.8, 1.21562, -7, -12.7, 1.21562, -7, -19.6, 1.21562, -15.4, -19.6, 1.21562, -18.1, -20.5, 1.21562, -18.1, -9.4, 1.21562, -0.699999, -9.4, 1.21562, -4.6, -11.2, 1.21562, -4.6, -12.7, 1.21562, -4.6, -15.1, 1.21562, -4.6, -15.1, 1.21562, -1, -19, 1.21562, -10, -19, 1.21562, -12.4, -19.6, 1.21562, -15.4, -20.5, 1.21562, -18.1, -20.8, 1.21562, -11.2, -20.2, 1.21562, -10.6, -6.7, 1.21562, -6.1, 0.199999, 1.21562, -6.1, -2.5, 1.21562, -7, -7.6, 1.21562, -7, -12.7, 1.21562, -4.6, -15.1, 1.21562, -1, -9.4, 1.21562, -0.699999, -11.2, 1.21562, -4.6, -22.3, 1.21562, -11.5, -22.3, 1.21562, -16.3, -23.5, 1.21562, -16.3, -23.5, 1.21562, -8.5, 0.199999, 1.21562, -6.1, -1.3, 1.21562, -7, -2.5, 1.21562, -7, 0.199999, 1.21562, -4.6, -2.2, 1.21562, -4.6, -2.2, 1.21562, 1.1, 1.4, 1.21562, 1.1, -13.6, 1.21562, -7.9, -13, 1.21562, -7.9, -12.7, 1.21562, -8.5, -11.2, 1.21562, -19, -15.1, 1.21562, -19, -13.9, 1.21562, -8.5, -12.7, 1.21562, -8.5, -11.2, 1.21562, -8.5, -11.2, 1.21562, -19, -15.1, 1.21562, -19, -15.1, 1.21562, -8.5, -13.9, 1.21562, -8.5, -8.5, 1.21562, -7.9, -7.9, 1.21562, -7.9, -7.6, 1.21562, -8.5, -6.1, 1.21562, -19, -10, 1.21562, -19, -8.8, 1.21562, -8.5, -7.6, 1.21562, -8.5, -6.1, 1.21562, -8.5, -6.1, 1.21562, -19, -10, 1.21562, -19, -10, 1.21562, -8.5, -8.8, 1.21562, -8.5, -2.2, 1.21562, -7.9, -1.6, 1.21562, -7.9, -1.3, 1.21562, -8.5, 1.4, 1.21562, -19, -4.9, 1.21562, -19, -2.5, 1.21562, -8.5, -1.3, 1.21562, -8.5, 1.4, 1.21562, -8.5, 1.4, 1.21562, -19, -4.9, 1.21562, -19, -4.9, 1.21562, -8.5, -2.5, 1.21562, -8.5, 3.8, 1.21562, -12.1, 5.3, 1.21562, -12.1, 5.3, 1.21562, -12.7, 3.5, 1.21562, -13, 3.5, 1.21562, -15.7, 2.9, 1.21562, -19, 2.9, 1.21562, -10, 3.5, 1.21562, -13, 3.5, 1.21562, -15.7, 5.3, 1.21562, -16, 5.3, 1.21562, -16.3, 3.5, 1.21562, -16.6, 3.5, 1.21562, -15.7, 3.5, 1.21562, -16.6, 2.9, 1.21562, -19, 2.9, 1.21562, -10, 3.5, 1.21562, -10, 3.8, 1.21562, -12.1, 3.5, 1.21562, -13, 3.5, 1.21562, -16.6, 3.5, 1.21562, -19, 2.9, 1.21562, -19, 12.2, 1.21562, -18.4, 12.5, 1.21562, -17.2, 13.1, 1.21562, -17.5, 13.1, 1.21562, -19, 6.2, 1.21562, -16.3, 5.3, 1.21562, -16, 5.3, 1.21562, -12.7, 7.1, 1.21562, -10, 9.2, 1.21562, -10, 9.2, 1.21562, -14.8, 9.2, 1.21562, 0.800001, 10.1, 1.21562, 0.5, 10.1, 1.21562, -0.4, 9.2, 1.21562, -0.699999, 5.6, 1.21562, 3.2, 9.2, 1.21562, 2.9, 9.2, 1.21562, 0.800001, 8.9, 1.21562, -18.4, 9.2, 1.21562, -16.9, 9.5, 1.21562, -16.9, 9.8, 1.21562, -18.4, 2.9, 1.21562, 0.5, 5.6, 1.21562, 3.2, 9.2, 1.21562, -0.699999, 9.2, 1.21562, -8.5, 5.9, 1.21562, -8.8, 2.9, 1.21562, -5.8, 2.9, 1.21562, 6.8, 3.8, 1.21562, 6.8, 4.1, 1.21562, 5.3, 4.1, 1.21562, 5.3, 5.6, 1.21562, 5.3, 5.6, 1.21562, 3.2, 5.9, 1.21562, -18.1, 5.6, 1.21562, -19, 5.3, 1.21562, -16.3, 5.3, 1.21562, -16, 6.2, 1.21562, -16.3, 5.9, 1.21562, -8.8, 2.9, 1.21562, -8.5, 2.9, 1.21562, -7.3, 9.2, 1.21562, -14.8, 8.6, 1.21562, -16.3, 6.2, 1.21562, -16.3, 9.8, 1.21562, -18.4, 12.2, 1.21562, -18.4, 13.1, 1.21562, -19, 7.1, 1.21562, -10, 5.3, 1.21562, -12.7, 5.3, 1.21562, -12.1, 5.9, 1.21562, -8.8, 6.8, 1.21562, -8.8, 5.9, 1.21562, -8.8, 2.9, 1.21562, -7.3, 2.9, 1.21562, -5.8, 8.9, 1.21562, -18.4, 9.8, 1.21562, -18.4, 13.1, 1.21562, -19, 5.6, 1.21562, -19, 2.9, 1.21562, 6.8, 4.1, 1.21562, 5.3, 5.6, 1.21562, 3.2, 2.9, 1.21562, 0.5, 5.9, 1.21562, -18.1, 8.9, 1.21562, -18.4, 5.6, 1.21562, -19, 9.2, 1.21562, -8.5, 6.8, 1.21562, -8.8, 5.9, 1.21562, -8.8, 5.6, 1.21562, 3.2, 9.2, 1.21562, 0.800001, 9.2, 1.21562, -0.699999, 13.4, 1.21562, -16.9, 13.1, 1.21562, -17.5, 12.5, 1.21562, -17.2, 12.2, 1.21562, -16.6, 9.5, 1.21562, -16.9, 9.2, 1.21562, -16.9, 8.6, 1.21562, -16.3, 9.2, 1.21562, -14.8, 12.2, 1.21562, -16.6, 19.4, 1.21562, -16, 19.4, 1.21562, -19, 17.6, 1.21562, -19, 17.3, 1.21562, -16.3, 17.3, 1.21562, -16, 17.3, 1.21562, -16.3, 13.4, 1.21562, -16.9, 12.2, 1.21562, -16.6, 9.2, 1.21562, -14.8, 17, 1.21562, -15.1, 17.3, 1.21562, -16, 10.7, 1.21562, -13.6, 10.7, 1.21562, -9.7, 19.4, 1.21562, -9.7, 19.4, 1.21562, -13.6, 10.1, 1.21562, -0.4, 10.1, 1.21562, 0.5, 10.7, 1.21562, 0.800001, 10.7, 1.21562, -0.699999, 20.9, 1.21562, -8.2, 10.7, 1.21562, -8.2, 10.7, 1.21562, -0.699999, 20.9, 1.21562, 8.3, 22.7, 1.21562, 5.9, 23.6, 1.21562, 3.5, 23.9, 1.21562, -1.9, 23, 1.21562, -4.9, 20.9, 1.21562, -8.2, 20.9, 1.21562, 8.3, 23.6, 1.21562, 3.5, 23.9, 1.21562, -1.9, 20.9, 1.21562, -8.2, 10.7, 1.21562, -0.699999, 10.7, 1.21562, 0.800001, 10.7, 1.21562, 0.800001, 10.7, 1.21562, 8.3, 20.9, 1.21562, 8.3, 2, 1.61562, 8.6, 0.5, 1.61562, 9.2, 2.3, 1.61562, 9.2, -7.9, 1.61562, -5.5, -10.9, 1.61562, -5.5, -8.8, 1.61562, -4.9, -8.5, 1.61562, -4.9, 1.7, 1.61562, 1.7, 2, 1.61562, 2.3, 2.3, 1.61562, 1.7, 2.3, 1.61562, -5.5, 1.7, 1.61562, -5.5, -0.1, 1.61562, -5.5, -6.4, 1.61562, -5.5, -3.1, 1.61562, -4.9, -2.8, 1.61562, -4.9, 2, 1.61562, 2.3, 2, 1.61562, 8.6, 2.3, 1.61562, 9.2, 2.3, 1.61562, 1.7, -2.8, 1.61562, 1.4, -2.8, 1.61562, -4.9, -3.1, 1.61562, -4.9, -3.1, 1.61562, 1.4, -8.2, 1.61562, 1.7, -8.5, 1.61562, -4.9, -8.8, 1.61562, -4.9, -8.8, 1.61562, 2, 1.7, 1.61562, 1.7, -2.8, 1.61562, 1.4, -3.1, 1.61562, 1.4, -8.2, 1.61562, 1.7, -8.8, 1.61562, 2, 2, 1.61562, 2.3, -18.1, 1.21562, 1.7, -16.3, 1.21562, 0.200001, -16.3, 1.21562, -4.9, -23.5, 1.21562, -4.6, -15.1, 1.21562, 0.800001, -16.6, 1.21562, 2, -16.9, 1.21562, 3.2, -12.7, 1.21562, 7.7, -7.3, 1.21562, 7.7, -9.4, 1.21562, 2.3, -7.3, 1.21562, 7.7, -7, 1.21562, 2.6, -9.4, 1.21562, 2.3, -9.4, 1.21562, -0.699999, -15.1, 1.21562, -1, -15.1, 1.21562, 0.800001, -9.4, 1.21562, 2.3, -7, 1.21562, 2.6, -7.3, 1.21562, 7.7, -5.2, 1.21562, 7.7, -5.2, 1.21562, 7.7, -4, 1.21562, 9.2, 1.4, 1.21562, 8.3, 1.4, 1.21562, 2.6, -7, 1.21562, 2.6, 2.9, 1.21562, 11, 2, 1.21562, 12.2, 2.6, 1.21562, 12.2, 9.2, 1.21562, 11.6, 10.1, 1.21562, 11.3, 10.1, 1.21562, 10.7, 9.2, 1.21562, 10.4, 5.9, 1.21562, 15.2, 8, 1.21562, 14.9, 9.2, 1.21562, 14.6, 9.2, 1.21562, 11.6, 2.9, 1.21562, 9.5, 1.4, 1.21562, 9.8, 1.4, 1.21562, 10.1, 2.9, 1.21562, 11, 3.8, 1.21562, 9.8, 9.2, 1.21562, 10.4, 9.2, 1.21562, 9.8, 3.8, 1.21562, 9.8, 5.9, 1.21562, 17.6, 6.2, 1.21562, 17.9, 8.3, 1.21562, 17.9, 8, 1.21562, 14.9, 5.9, 1.21562, 15.2, 2.9, 1.21562, 11, 2.6, 1.21562, 12.2, 3.5, 1.21562, 13.7, 3.5, 1.21562, 13.7, 4.7, 1.21562, 14.9, 5.9, 1.21562, 15.2, 3.8, 1.21562, 6.8, 2.9, 1.21562, 6.8, 2.9, 1.21562, 9.5, 3.8, 1.21562, 9.8, 3.8, 1.21562, 9.8, 2.9, 1.21562, 11, 3.5, 1.21562, 13.7, 5.9, 1.21562, 15.2, 9.2, 1.21562, 11.6, 9.2, 1.21562, 10.4, 5.3, 1.21562, 6.8, 5.3, 1.21562, 8.3, 9.2, 1.21562, 8.3, 9.2, 1.21562, 6.8, 5.6, 1.21562, 18.2, 6.2, 1.21562, 17.9, 5.9, 1.21562, 17.6, 4.7, 1.21562, 19.1, 5.6, 1.21562, 19.1, 5.6, 1.21562, 18.2, 4.1, 1.21562, 15.2, 4.7, 1.21562, 14.9, 3.5, 1.21562, 13.7, 5.6, 1.21562, 18.2, 5.9, 1.21562, 17.6, 4.1, 1.21562, 17.6, 4.7, 1.21562, 19.1, 4.7, 1.21562, 19.1, 4.1, 1.21562, 17.6, 2.3, 1.21562, 14.9, -0.400002, 1.21562, 12.2, -2.5, 1.21562, 11, 4.1, 1.21562, 15.2, 3.5, 1.21562, 13.7, 2.3, 1.21562, 14.9, 4.1, 1.21562, 17.6, -0.400002, 1.21562, 12.2, 1.4, 1.21562, 10.1, 1.4, 1.21562, 9.8, -2.5, 1.21562, 11, 10.1, 1.21562, 10.7, 10.1, 1.21562, 11.3, 10.7, 1.21562, 11.6, 19.4, 1.21562, 9.8, 10.7, 1.21562, 9.8, 10.7, 1.21562, 11.6, 10.7, 1.21562, 19.1, 19.4, 1.21562, 19.1, 19.4, 1.21562, 9.8 )
polygons = [ PoolIntArray( 2, 0, 1 ), PoolIntArray( 5, 3, 4 ), PoolIntArray( 8, 6, 7 ), PoolIntArray( 11, 9, 10 ), PoolIntArray( 14, 12, 13 ), PoolIntArray( 18, 15, 17 ), PoolIntArray( 15, 16, 17 ), PoolIntArray( 21, 19, 20 ), PoolIntArray( 24, 22, 23 ), PoolIntArray( 29, 25, 28 ), PoolIntArray( 25, 27, 28 ), PoolIntArray( 25, 26, 27 ), PoolIntArray( 32, 30, 31 ), PoolIntArray( 36, 33, 35 ), PoolIntArray( 33, 34, 35 ), PoolIntArray( 39, 37, 38 ), PoolIntArray( 42, 40, 41 ), PoolIntArray( 46, 43, 45 ), PoolIntArray( 43, 44, 45 ), PoolIntArray( 49, 47, 48 ), PoolIntArray( 53, 50, 52 ), PoolIntArray( 50, 51, 52 ), PoolIntArray( 57, 54, 56 ), PoolIntArray( 54, 55, 56 ), PoolIntArray( 61, 58, 60 ), PoolIntArray( 58, 59, 60 ), PoolIntArray( 65, 62, 64 ), PoolIntArray( 62, 63, 64 ), PoolIntArray( 70, 66, 69 ), PoolIntArray( 66, 68, 69 ), PoolIntArray( 66, 67, 68 ), PoolIntArray( 74, 71, 73 ), PoolIntArray( 71, 72, 73 ), PoolIntArray( 78, 75, 77 ), PoolIntArray( 75, 76, 77 ), PoolIntArray( 81, 79, 80 ), PoolIntArray( 85, 82, 84 ), PoolIntArray( 82, 83, 84 ), PoolIntArray( 89, 86, 88 ), PoolIntArray( 86, 87, 88 ), PoolIntArray( 94, 90, 93 ), PoolIntArray( 90, 91, 93 ), PoolIntArray( 91, 92, 93 ), PoolIntArray( 98, 95, 97 ), PoolIntArray( 95, 96, 97 ), PoolIntArray( 102, 99, 101 ), PoolIntArray( 99, 100, 101 ), PoolIntArray( 107, 103, 106 ), PoolIntArray( 103, 105, 106 ), PoolIntArray( 103, 104, 105 ), PoolIntArray( 111, 108, 110 ), PoolIntArray( 108, 109, 110 ), PoolIntArray( 115, 112, 114 ), PoolIntArray( 112, 113, 114 ), PoolIntArray( 118, 116, 117 ), PoolIntArray( 122, 119, 121 ), PoolIntArray( 119, 120, 121 ), PoolIntArray( 126, 123, 125 ), PoolIntArray( 123, 124, 125 ), PoolIntArray( 130, 127, 129 ), PoolIntArray( 127, 128, 129 ), PoolIntArray( 134, 131, 133 ), PoolIntArray( 131, 132, 133 ), PoolIntArray( 137, 135, 136 ), PoolIntArray( 141, 138, 140 ), PoolIntArray( 138, 139, 140 ), PoolIntArray( 145, 142, 144 ), PoolIntArray( 142, 143, 144 ), PoolIntArray( 149, 146, 148 ), PoolIntArray( 146, 147, 148 ), PoolIntArray( 153, 150, 152 ), PoolIntArray( 150, 151, 152 ), PoolIntArray( 156, 154, 155 ), PoolIntArray( 159, 157, 158 ), PoolIntArray( 162, 160, 161 ), PoolIntArray( 166, 163, 165 ), PoolIntArray( 163, 164, 165 ), PoolIntArray( 170, 167, 169 ), PoolIntArray( 167, 168, 169 ), PoolIntArray( 175, 171, 174 ), PoolIntArray( 171, 173, 174 ), PoolIntArray( 171, 172, 173 ), PoolIntArray( 179, 176, 178 ), PoolIntArray( 176, 177, 178 ), PoolIntArray( 183, 180, 182 ), PoolIntArray( 180, 181, 182 ), PoolIntArray( 187, 184, 186 ), PoolIntArray( 184, 185, 186 ), PoolIntArray( 190, 188, 189 ), PoolIntArray( 194, 191, 193 ), PoolIntArray( 191, 192, 193 ), PoolIntArray( 198, 195, 197 ), PoolIntArray( 195, 196, 197 ), PoolIntArray( 203, 199, 202 ), PoolIntArray( 199, 201, 202 ), PoolIntArray( 199, 200, 201 ), PoolIntArray( 207, 204, 206 ), PoolIntArray( 204, 205, 206 ), PoolIntArray( 210, 208, 209 ), PoolIntArray( 215, 211, 214 ), PoolIntArray( 211, 212, 214 ), PoolIntArray( 212, 213, 214 ), PoolIntArray( 219, 216, 218 ), PoolIntArray( 216, 217, 218 ), PoolIntArray( 222, 220, 221 ), PoolIntArray( 226, 223, 225 ), PoolIntArray( 223, 224, 225 ), PoolIntArray( 230, 227, 229 ), PoolIntArray( 227, 228, 229 ), PoolIntArray( 234, 231, 233 ), PoolIntArray( 231, 232, 233 ), PoolIntArray( 238, 235, 237 ), PoolIntArray( 235, 236, 237 ), PoolIntArray( 241, 239, 240 ), PoolIntArray( 244, 242, 243 ), PoolIntArray( 250, 245, 249 ), PoolIntArray( 245, 246, 249 ), PoolIntArray( 246, 247, 249 ), PoolIntArray( 247, 248, 249 ), PoolIntArray( 254, 251, 253 ), PoolIntArray( 251, 252, 253 ), PoolIntArray( 258, 255, 257 ), PoolIntArray( 255, 256, 257 ), PoolIntArray( 262, 259, 261 ), PoolIntArray( 259, 260, 261 ), PoolIntArray( 266, 263, 265 ), PoolIntArray( 263, 264, 265 ), PoolIntArray( 270, 267, 269 ), PoolIntArray( 267, 268, 269 ), PoolIntArray( 275, 271, 274 ), PoolIntArray( 271, 273, 274 ), PoolIntArray( 271, 272, 273 ), PoolIntArray( 280, 276, 279 ), PoolIntArray( 276, 277, 279 ), PoolIntArray( 277, 278, 279 ), PoolIntArray( 284, 281, 283 ), PoolIntArray( 281, 282, 283 ), PoolIntArray( 287, 285, 286 ), PoolIntArray( 290, 288, 289 ), PoolIntArray( 293, 291, 292 ), PoolIntArray( 299, 294, 298 ), PoolIntArray( 294, 295, 298 ), PoolIntArray( 295, 296, 298 ), PoolIntArray( 296, 297, 298 ), PoolIntArray( 303, 300, 302 ), PoolIntArray( 300, 301, 302 ), PoolIntArray( 307, 304, 306 ), PoolIntArray( 304, 305, 306 ), PoolIntArray( 311, 308, 310 ), PoolIntArray( 308, 309, 310 ), PoolIntArray( 314, 312, 313 ), PoolIntArray( 318, 315, 317 ), PoolIntArray( 315, 316, 317 ), PoolIntArray( 324, 319, 323 ), PoolIntArray( 319, 320, 323 ), PoolIntArray( 320, 321, 323 ), PoolIntArray( 321, 322, 323 ), PoolIntArray( 327, 325, 326 ), PoolIntArray( 330, 328, 329 ), PoolIntArray( 336, 331, 335 ), PoolIntArray( 331, 332, 335 ), PoolIntArray( 332, 333, 335 ), PoolIntArray( 333, 334, 335 ), PoolIntArray( 339, 337, 338 ), PoolIntArray( 342, 340, 341 ), PoolIntArray( 348, 343, 347 ), PoolIntArray( 343, 344, 347 ), PoolIntArray( 344, 345, 347 ), PoolIntArray( 345, 346, 347 ), PoolIntArray( 351, 349, 350 ), PoolIntArray( 354, 352, 353 ), PoolIntArray( 358, 355, 357 ), PoolIntArray( 355, 356, 357 ), PoolIntArray( 362, 359, 361 ), PoolIntArray( 359, 360, 361 ), PoolIntArray( 366, 363, 365 ), PoolIntArray( 363, 364, 365 ), PoolIntArray( 369, 367, 368 ), PoolIntArray( 373, 370, 372 ), PoolIntArray( 370, 371, 372 ), PoolIntArray( 376, 374, 375 ), PoolIntArray( 380, 377, 379 ), PoolIntArray( 377, 378, 379 ), PoolIntArray( 386, 381, 385 ), PoolIntArray( 381, 382, 385 ), PoolIntArray( 382, 383, 385 ), PoolIntArray( 383, 384, 385 ), PoolIntArray( 390, 387, 389 ), PoolIntArray( 387, 388, 389 ), PoolIntArray( 393, 391, 392 ), PoolIntArray( 397, 394, 396 ), PoolIntArray( 394, 395, 396 ), PoolIntArray( 403, 398, 402 ), PoolIntArray( 398, 401, 402 ), PoolIntArray( 398, 400, 401 ), PoolIntArray( 398, 399, 400 ), PoolIntArray( 406, 404, 405 ), PoolIntArray( 409, 407, 408 ), PoolIntArray( 414, 410, 413 ), PoolIntArray( 410, 412, 413 ), PoolIntArray( 410, 411, 412 ), PoolIntArray( 417, 415, 416 ), PoolIntArray( 420, 418, 419 ), PoolIntArray( 423, 421, 422 ), PoolIntArray( 428, 424, 427 ), PoolIntArray( 424, 426, 427 ), PoolIntArray( 424, 425, 426 ), PoolIntArray( 431, 429, 430 ), PoolIntArray( 435, 432, 434 ), PoolIntArray( 432, 433, 434 ), PoolIntArray( 439, 436, 438 ), PoolIntArray( 436, 437, 438 ), PoolIntArray( 442, 440, 441 ), PoolIntArray( 445, 443, 444 ), PoolIntArray( 448, 446, 447 ), PoolIntArray( 452, 449, 451 ), PoolIntArray( 449, 450, 451 ), PoolIntArray( 457, 453, 456 ), PoolIntArray( 453, 454, 456 ), PoolIntArray( 454, 455, 456 ), PoolIntArray( 462, 458, 461 ), PoolIntArray( 458, 460, 461 ), PoolIntArray( 458, 459, 460 ), PoolIntArray( 468, 463, 467 ), PoolIntArray( 463, 464, 467 ), PoolIntArray( 464, 465, 467 ), PoolIntArray( 465, 466, 467 ), PoolIntArray( 472, 469, 471 ), PoolIntArray( 469, 470, 471 ), PoolIntArray( 476, 473, 475 ), PoolIntArray( 473, 474, 475 ), PoolIntArray( 479, 477, 478 ), PoolIntArray( 482, 480, 481 ), PoolIntArray( 485, 483, 484 ), PoolIntArray( 491, 486, 490 ), PoolIntArray( 486, 487, 490 ), PoolIntArray( 487, 488, 490 ), PoolIntArray( 488, 489, 490 ), PoolIntArray( 494, 492, 493 ), PoolIntArray( 497, 495, 496 ), PoolIntArray( 501, 498, 500 ), PoolIntArray( 498, 499, 500 ), PoolIntArray( 506, 502, 505 ), PoolIntArray( 502, 504, 505 ), PoolIntArray( 502, 503, 504 ), PoolIntArray( 510, 507, 509 ), PoolIntArray( 507, 508, 509 ), PoolIntArray( 514, 511, 513 ), PoolIntArray( 511, 512, 513 ), PoolIntArray( 518, 515, 517 ), PoolIntArray( 515, 516, 517 ), PoolIntArray( 522, 519, 521 ), PoolIntArray( 519, 520, 521 ), PoolIntArray( 528, 523, 527 ), PoolIntArray( 523, 524, 527 ), PoolIntArray( 524, 525, 527 ), PoolIntArray( 525, 526, 527 ), PoolIntArray( 532, 529, 531 ), PoolIntArray( 529, 530, 531 ), PoolIntArray( 538, 533, 537 ), PoolIntArray( 533, 536, 537 ), PoolIntArray( 533, 534, 536 ), PoolIntArray( 534, 535, 536 ), PoolIntArray( 541, 539, 540 ), PoolIntArray( 545, 542, 544 ), PoolIntArray( 542, 543, 544 ), PoolIntArray( 548, 546, 547 ), PoolIntArray( 553, 549, 552 ), PoolIntArray( 549, 550, 552 ), PoolIntArray( 550, 551, 552 ), PoolIntArray( 556, 554, 555 ), PoolIntArray( 560, 557, 559 ), PoolIntArray( 557, 558, 559 ), PoolIntArray( 564, 561, 563 ), PoolIntArray( 561, 562, 563 ), PoolIntArray( 569, 565, 568 ), PoolIntArray( 565, 567, 568 ), PoolIntArray( 565, 566, 567 ), PoolIntArray( 572, 570, 571 ), PoolIntArray( 577, 573, 576 ), PoolIntArray( 573, 574, 576 ), PoolIntArray( 574, 575, 576 ), PoolIntArray( 580, 578, 579 ), PoolIntArray( 583, 581, 582 ), PoolIntArray( 587, 584, 586 ), PoolIntArray( 584, 585, 586 ), PoolIntArray( 593, 588, 592 ), PoolIntArray( 588, 589, 592 ), PoolIntArray( 589, 590, 592 ), PoolIntArray( 590, 591, 592 ), PoolIntArray( 597, 594, 596 ), PoolIntArray( 594, 595, 596 ), PoolIntArray( 600, 598, 599 ), PoolIntArray( 603, 601, 602 ), PoolIntArray( 606, 604, 605 ), PoolIntArray( 610, 607, 609 ), PoolIntArray( 607, 608, 609 ), PoolIntArray( 615, 611, 614 ), PoolIntArray( 611, 612, 614 ), PoolIntArray( 612, 613, 614 ), PoolIntArray( 619, 616, 618 ), PoolIntArray( 616, 617, 618 ), PoolIntArray( 623, 620, 622 ), PoolIntArray( 620, 621, 622 ), PoolIntArray( 628, 624, 627 ), PoolIntArray( 624, 626, 627 ), PoolIntArray( 624, 625, 626 ), PoolIntArray( 632, 629, 631 ), PoolIntArray( 629, 630, 631 ) ]
agent/radius = 0.25
agent/max_climb = 0.1

[node name="level" type="Spatial"]

[node name="players" type="Spatial" parent="."]

[node name="DirectionalLight" type="DirectionalLight" parent="."]
transform = Transform( 1, 0, 0, 0, 0.00453216, 0.99999, 0, -0.99999, 0.00453216, 0, 20.4133, 0 )
visible = false
light_energy = 0.84

[node name="Camera" type="Camera" parent="."]
transform = Transform( 1, 0, 0, 0, 0.896704, 0.44263, 0, -0.44263, 0.896704, 0, 14.6233, 22.4907 )

[node name="desks" type="Spatial" parent="."]
editor/display_folded = true

[node name="maximlipnin" type="Position3D" parent="desks"]
transform = Transform( 1, 0, 0, 0, 1, 0, 0, 0, 1, -21.9417, 2.58368, -16.2265 )

[node name="andreyulrih" type="Position3D" parent="desks"]
transform = Transform( 1, 0, 0, 0, 1, 0, 0, 0, 1, -17.784, 1.42941, -18.4652 )

[node name="dmitriishulaikin" type="Position3D" parent="desks"]
transform = Transform( 1, 0, 0, 0, 1, 0, 0, 0, 1, -22.6062, 1.42277, -7.19733 )

[node name="alekseychichagov" type="Position3D" parent="desks"]
transform = Transform( 1, 0, 0, 0, 1, 0, 0, 0, 1, -23.108, 1.19216, -15.08 )

[node name="viktoriyastarikova" type="Position3D" parent="desks"]
transform = Transform( 1, 0, 0, 0, 1, 0, 0, 0, 1, -22.8985, 1.03066, -10.4456 )

[node name="floor_nav" type="Navigation" parent="."]

[node name="NavigationMeshInstance" type="NavigationMeshInstance" parent="floor_nav"]
navmesh = SubResource( 1 )

[node name="412" type="Spatial" parent="floor_nav/NavigationMeshInstance"]
editor/display_folded = true

[node name="Tables" type="Spatial" parent="floor_nav/NavigationMeshInstance/412"]
editor/display_folded = true

[node name="Table" parent="floor_nav/NavigationMeshInstance/412/Tables" instance=ExtResource( 1 )]
transform = Transform( -2.18557e-008, 0, 0.5, 0, 0.5, 0, -0.5, 0, -2.18557e-008, -22.5034, 1, -7.5452 )

[node name="Table2" parent="floor_nav/NavigationMeshInstance/412/Tables" instance=ExtResource( 1 )]
transform = Transform( -2.18557e-008, 0, 0.5, 0, 0.5, 0, -0.5, 0, -2.18557e-008, -22.2615, 1, -17.3361 )

[node name="Table3" parent="floor_nav/NavigationMeshInstance/412/Tables" instance=ExtResource( 1 )]
transform = Transform( -2.18557e-008, 0, 0.5, 0, 0.5, 0, -0.5, 0, -2.18557e-008, -17.5836, 1, -14.9942 )

[node name="Table4" parent="floor_nav/NavigationMeshInstance/412/Tables" instance=ExtResource( 1 )]
transform = Transform( 0.5, 0, 0, 0, 0.5, 0, 0, 0, 0.5, -18.1281, 1, -11.4305 )

[node name="Table5" parent="floor_nav/NavigationMeshInstance/412/Tables" instance=ExtResource( 1 )]
transform = Transform( 0.5, 0, 0, 0, 0.5, 0, 0, 0, 0.5, -18.5374, 1, -16.9308 )

[node name="Table6" parent="floor_nav/NavigationMeshInstance/412/Tables" instance=ExtResource( 1 )]
transform = Transform( 0.5, 0, 0, 0, 0.5, 0, 0, 0, 0.5, -21.2602, 1, -9.3577 )

[node name="Table7" parent="floor_nav/NavigationMeshInstance/412/Tables" instance=ExtResource( 1 )]
transform = Transform( 0.5, 0, 0, 0, 0.5, 0, 0, 0, 0.5, -21.359, 1, -15.2117 )

[node name="Table8" parent="floor_nav/NavigationMeshInstance/412/Tables" instance=ExtResource( 1 )]
transform = Transform( 0.5, 0, 0, 0, 0.5, 0, 0, 0, 0.5, -21.35, 1, -12.9215 )

[node name="floor" parent="floor_nav/NavigationMeshInstance" instance=ExtResource( 2 )]

[node name="403" type="Spatial" parent="floor_nav/NavigationMeshInstance"]
editor/display_folded = true

[node name="Tables" type="Spatial" parent="floor_nav/NavigationMeshInstance/403"]
editor/display_folded = true
transform = Transform( 1, 0, 0, 0, 1, 0, 0, 0, 1, 4.57588, 0.976142, -10.7421 )

[node name="Table" parent="floor_nav/NavigationMeshInstance/403/Tables" instance=ExtResource( 1 )]
transform = Transform( 0.5, 0, 0, 0, 0.5, 0, 0, 0, 0.5, 0, 0, -3.73081 )

[node name="Table2" parent="floor_nav/NavigationMeshInstance/403/Tables" instance=ExtResource( 1 )]
transform = Transform( 0.5, 0, 0, 0, 0.5, 0, 0, 0, 0.5, 0, 0, -7.33284 )

[node name="Table3" parent="floor_nav/NavigationMeshInstance/403/Tables" instance=ExtResource( 1 )]

[node name="Table4" parent="floor_nav/NavigationMeshInstance/403/Tables" instance=ExtResource( 1 )]
transform = Transform( 0.5, 0, 0, 0, 0.5, 0, 0, 0, 0.5, 11.9291, -4.76837e-007, -7.38241 )

[node name="Table5" parent="floor_nav/NavigationMeshInstance/403/Tables" instance=ExtResource( 1 )]
transform = Transform( 0.00331487, 0, -0.499989, 0, 0.5, 0, 0.499989, 0, 0.00331487, 6.55915, 0, -6.73526 )

[node name="Table6" parent="floor_nav/NavigationMeshInstance/403/Tables" instance=ExtResource( 1 )]
transform = Transform( 0.00331487, 0, -0.499989, 0, 0.5, 0, 0.499989, 0, 0.00331487, 10.2818, 0, -8.09892 )

[node name="Table7" parent="floor_nav/NavigationMeshInstance/403/Tables" instance=ExtResource( 1 )]
transform = Transform( 0.00331487, 0, -0.499989, 0, 0.5, 0, 0.499989, 0, 0.00331487, 10.2931, 4.76837e-007, -7.09318 )

[node name="Table8" parent="floor_nav/NavigationMeshInstance/403/Tables" instance=ExtResource( 1 )]
transform = Transform( 0.00331487, 0, -0.499989, 0, 0.5, 0, 0.499989, 0, 0.00331487, 14.0614, 0, -4.37699 )

[node name="Table9" parent="floor_nav/NavigationMeshInstance/403/Tables" instance=ExtResource( 1 )]
transform = Transform( 0.00331487, 0, -0.499989, 0, 0.5, 0, 0.499989, 0, 0.00331487, 3.13963, 0, -6.63947 )

[node name="407" type="Spatial" parent="floor_nav/NavigationMeshInstance"]
editor/display_folded = true

[node name="Tables" type="Spatial" parent="floor_nav/NavigationMeshInstance/407"]
editor/display_folded = true
transform = Transform( 1, 0, 0, 0, 1, 0, 0, 0, 1, 7.55107, 1.00237, 12.3853 )

[node name="Table" parent="floor_nav/NavigationMeshInstance/407/Tables" instance=ExtResource( 1 )]
transform = Transform( 0.5, 0, 0, 0, 0.5, 0, 0, 0, 0.5, 1.52901, 0, 3.76098 )

[node name="Table2" parent="floor_nav/NavigationMeshInstance/407/Tables" instance=ExtResource( 1 )]
transform = Transform( 0.0112292, 0, 0.499874, 0, 0.5, 0, -0.499874, 0, 0.0112292, -0.426261, 0, 6.34306 )

[node name="Table3" parent="floor_nav/NavigationMeshInstance/407/Tables" instance=ExtResource( 1 )]
transform = Transform( 0.5, 0, 0, 0, 0.5, 0, 0, 0, 0.5, -2.51455, 0, 3.8395 )

[node name="Table4" parent="floor_nav/NavigationMeshInstance/407/Tables" instance=ExtResource( 1 )]
transform = Transform( 0.346172, 0, 0.360784, 0, 0.5, 0, -0.360784, 0, 0.346172, -5.64608, 0, 0.721732 )

[node name="Table5" parent="floor_nav/NavigationMeshInstance/407/Tables" instance=ExtResource( 1 )]
transform = Transform( 0.369, 0, -0.3374, 0, 0.5, 0, 0.3374, 0, 0.369, -6.2005, 0, -0.890831 )

[node name="goto" type="Position3D" parent="."]
transform = Transform( 1, 0, 0, 0, 1, 0, 0, 0, 1, 16.5005, 1.36119, 4.35908 )

[node name="Rooms" type="Spatial" parent="."]

[node name="412" type="Spatial" parent="Rooms"]
editor/display_folded = true

[node name="Chairs" type="Spatial" parent="Rooms/412"]
editor/display_folded = true

[node name="Chair" parent="Rooms/412/Chairs" instance=ExtResource( 3 )]
transform = Transform( 0.0279771, 0, -0.999609, 0, 1, 0, 0.999609, 0, 0.0279771, -22.1866, 1.2898, -13.197 )

[node name="Chair2" parent="Rooms/412/Chairs" instance=ExtResource( 3 )]
transform = Transform( -0.302731, 0, 0.953076, 0, 1, 0, -0.953076, 0, -0.302731, -17.1072, 1.2898, -16.6883 )

[node name="Chair3" parent="Rooms/412/Chairs" instance=ExtResource( 3 )]
transform = Transform( 0.993091, 0, -0.11735, 0, 1, 0, 0.11735, 0, 0.993091, -22.8397, 1.2898, -6.78171 )

[node name="Chair4" parent="Rooms/412/Chairs" instance=ExtResource( 3 )]
transform = Transform( 0.990824, 0, 0.135157, 0, 1, 0, -0.135157, 0, 0.990824, -21.6172, 1.2898, -6.14219 )

[node name="Chair5" parent="Rooms/412/Chairs" instance=ExtResource( 3 )]
transform = Transform( 0.100805, 0, 0.994906, 0, 1, 0, -0.994906, 0, 0.100805, -17.1469, 1.2898, -11.5313 )

[node name="Chair6" parent="Rooms/412/Chairs" instance=ExtResource( 3 )]
transform = Transform( 0.0228308, 0, -0.999739, 0, 1, 0, 0.999739, 0, 0.0228308, -22.0749, 1.2898, -8.70024 )

[node name="Chair7" parent="Rooms/412/Chairs" instance=ExtResource( 3 )]
transform = Transform( 0.162716, 0, -0.986673, 0, 1, 0, 0.986673, 0, 0.162716, -23.1915, 1.2898, -15.1634 )

[node name="Chair8" parent="Rooms/412/Chairs" instance=ExtResource( 3 )]
transform = Transform( -0.942402, 0, 0.334484, 0, 1, 0, -0.334484, 0, -0.942402, -21.8005, 1.2898, -18.4317 )

[node name="Monitors" type="Spatial" parent="Rooms/412"]
editor/display_folded = true
transform = Transform( 0.00804361, 0, 0.199838, 0, 0.2, 0, -0.199838, 0, 0.00804361, -21.2712, 1.94506, -12.8111 )

[node name="Monitor" parent="Rooms/412/Monitors" instance=ExtResource( 4 )]
transform = Transform( 0.972634, 0, -0.232341, 0, 1, 0, 0.232341, 0, 0.972634, 8.43602, 0, -0.377007 )

[node name="Monitor2" parent="Rooms/412/Monitors" instance=ExtResource( 4 )]
transform = Transform( 0.995317, 0, 0.096661, 0, 1, 0, -0.096661, 0, 0.995317, 12.5989, 0, -0.0695953 )

[node name="Monitor3" parent="Rooms/412/Monitors" instance=ExtResource( 4 )]
transform = Transform( 0.132865, 0, 0.991134, 0, 1, 0, -0.991134, 0, 0.132865, -25.648, 0, -3.23243 )

[node name="Monitor4" parent="Rooms/412/Monitors" instance=ExtResource( 4 )]
transform = Transform( -0.281, 0, 0.959708, 0, 1, 0, -0.959708, 0, -0.281, -25.9739, 0, -6.96339 )

[node name="Monitor5" parent="Rooms/412/Monitors" instance=ExtResource( 4 )]
transform = Transform( 0.539691, 0, -0.841863, 0, 1, 0, 0.841863, 0, 0.539691, 22.7021, 0, -1.97113 )

[node name="Monitor6" parent="Rooms/412/Monitors" instance=ExtResource( 4 )]
transform = Transform( 0.0877557, 0, -0.996142, 0, 1, 0, 0.996142, 0, 0.0877557, 10.9493, 0, 21.1454 )

[node name="Monitor7" parent="Rooms/412/Monitors" instance=ExtResource( 4 )]
transform = Transform( -0.999196, 0, -0.0400921, 0, 1, 0, 0.0400921, 0, -0.999196, 19.7738, 0, 11.8069 )

[node name="Monitor8" parent="Rooms/412/Monitors" instance=ExtResource( 4 )]
transform = Transform( 0.994201, 0, 0.107534, 0, 1, 0, -0.107534, 0, 0.994201, 1.81401, 0, 0.387001 )

[node name="Monitor9" parent="Rooms/412/Monitors" instance=ExtResource( 4 )]
transform = Transform( 0.0328494, 0, -0.99946, 0, 1, 0, 0.99946, 0, 0.0328494, 20.9731, 0, -6.40619 )

[node name="Keyboards" type="Spatial" parent="Rooms/412"]
editor/display_folded = true
transform = Transform( 0.0268596, 0, -0.399097, 0, 0.4, 0, 0.399097, 0, 0.0268596, -21.6142, 1.82066, -12.9194 )

[node name="Keyboard" parent="Rooms/412/Keyboards" instance=ExtResource( 5 )]
transform = Transform( -0.0181248, 0, 0.999835, 0, 1, 0, -0.999835, 0, -0.0181248, 13.8621, 0, 3.69408 )

[node name="Keyboard2" parent="Rooms/412/Keyboards" instance=ExtResource( 5 )]
transform = Transform( 0.996871, 0, -0.0790467, 0, 1, 0, 0.0790467, 0, 0.996871, -6.05751, 0, -0.549408 )

[node name="Keyboard3" parent="Rooms/412/Keyboards" instance=ExtResource( 5 )]
transform = Transform( 1, 0, -2.23517e-008, 0, 1, 0, 2.23517e-008, 0, 1, -0.669762, 0, -0.211502 )

[node name="Keyboard4" parent="Rooms/412/Keyboards" instance=ExtResource( 5 )]
transform = Transform( -0.053414, 0, -0.998572, 0, 1, 0, 0.998572, 0, -0.053414, -11.3447, 0, 0.951183 )

[node name="Keyboard5" parent="Rooms/412/Keyboards" instance=ExtResource( 5 )]
transform = Transform( -0.0840423, 0, -0.996462, 0, 1, 0, 0.996462, 0, -0.0840423, -5.05543, 0, -12.0093 )

[node name="Keyboard6" parent="Rooms/412/Keyboards" instance=ExtResource( 5 )]
transform = Transform( -0.997058, 0, 0.0766416, 0, 1, 0, -0.0766416, 0, -0.997058, -8.65979, 0, -8.80119 )

[node name="Computers" type="Spatial" parent="Rooms/412"]
editor/display_folded = true
transform = Transform( -0.994487, 0, -0.104862, 0, 1, 0, 0.104862, 0, -0.994487, -22.3362, 1.82967, -12.5899 )

[node name="Computer" parent="Rooms/412/Computers" instance=ExtResource( 6 )]
transform = Transform( 0.202732, 0, 0.979234, 0, 1, 0, -0.979234, 0, 0.202732, -0.292124, 0.40949, -5.19099 )

[node name="Computer2" parent="Rooms/412/Computers" instance=ExtResource( 6 )]
transform = Transform( -0.995472, 0, 0.0950582, 0, 1, 0, -0.0950581, 0, -0.995472, -4.23573, 0.370826, 2.96212 )

[node name="Computer3" parent="Rooms/412/Computers" instance=ExtResource( 6 )]
transform = Transform( 0.987873, 0, -0.155263, 0, 1, 0, 0.155263, 0, 0.987873, -0.833181, 0.402567, -0.685032 )

[node name="Computer4" parent="Rooms/412/Computers" instance=ExtResource( 6 )]
transform = Transform( 0.994978, 0, -0.100088, 0, 1, 0, 0.100088, 0, 0.994978, -0.78965, -0.41255, 1.55239 )

[node name="403" type="Spatial" parent="Rooms"]
editor/display_folded = true

[node name="Chairs" type="Spatial" parent="Rooms/403"]
editor/display_folded = true
transform = Transform( 1, 0, 0, 0, 1, 0, 0, 0, 1, 7.92416, 0.986569, -12.43 )

[node name="Chair" parent="Rooms/403/Chairs" instance=ExtResource( 3 )]
transform = Transform( 0.0810516, 0, -0.99671, 0, 1, 0, 0.99671, 0, 0.0810516, -4.49334, 0.291023, 2.01405 )

[node name="Chair2" parent="Rooms/403/Chairs" instance=ExtResource( 3 )]
transform = Transform( -0.0565328, 0, -0.998401, 0, 1, 0, 0.998401, 0, -0.0565328, -4.79543, 0.291023, -2.18019 )

[node name="Chair3" parent="Rooms/403/Chairs" instance=ExtResource( 3 )]
transform = Transform( -0.0878702, 0, -0.996132, 0, 1, 0, 0.996132, 0, -0.0878702, -4.04516, 0.291023, -5.31825 )

[node name="Chair4" parent="Rooms/403/Chairs" instance=ExtResource( 3 )]
transform = Transform( -0.994374, 0, -0.105922, 0, 1, 0, 0.105922, 0, -0.994374, -0.517821, 0.291023, -5.72553 )

[node name="Chair5" parent="Rooms/403/Chairs" instance=ExtResource( 3 )]
transform = Transform( -0.996527, 0, 0.0832681, 0, 1, 0, -0.0832681, 0, -0.996527, 3.03658, 0.291024, -6.49021 )

[node name="Chair6" parent="Rooms/403/Chairs" instance=ExtResource( 3 )]
transform = Transform( 1, 0, 0, 0, 1, 0, 0, 0, 1, 6.87454, 0.291023, -5.00259 )

[node name="Chair7" parent="Rooms/403/Chairs" instance=ExtResource( 3 )]
transform = Transform( -0.947089, 0, 0.320972, 0, 1, 0, -0.320972, 0, -0.947089, 10.8811, 0.291024, -3.56242 )

[node name="Chair8" parent="Rooms/403/Chairs" instance=ExtResource( 3 )]
transform = Transform( 0.884759, 0, -0.466048, 0, 1, 0, 0.466048, 0, 0.884759, 9.70587, 0.291022, -5.97287 )

[node name="Chair9" parent="Rooms/403/Chairs" instance=ExtResource( 3 )]
transform = Transform( 0.990933, 0, 0.134355, 0, 1, 0, -0.134355, 0, 0.990933, 10.9413, 0.647838, -5.45397 )

[node name="Chair10" parent="Rooms/403/Chairs" instance=ExtResource( 3 )]
transform = Transform( 0.234878, 0, 0.972025, 0, 1, 0, -0.972025, 0, 0.234878, 0.957977, 0.291023, 2.1787 )

[node name="Monitors" type="Spatial" parent="Rooms/403"]
editor/display_folded = true
transform = Transform( 0.0984548, 0, 0.174088, 0, 0.2, 0, -0.174088, 0, 0.0984548, 4.40201, 1.92467, -10.6052 )

[node name="Monitor" parent="Rooms/403/Monitors" instance=ExtResource( 4 )]
transform = Transform( 0.878843, 0, 0.477112, 0, 0.999999, 0, -0.477112, 0, 0.878843, 0.357555, 0, 2.3043 )

[node name="Monitor2" parent="Rooms/403/Monitors" instance=ExtResource( 4 )]
transform = Transform( 0.986045, 0, -0.166479, 0, 0.999999, 0, 0.166479, 0, 0.986045, 13.7089, 0, -5.85368 )

[node name="Monitor3" parent="Rooms/403/Monitors" instance=ExtResource( 4 )]
transform = Transform( 0.85206, 0, 0.523444, 0, 0.999999, 0, -0.523444, 0, 0.85206, 33.7157, 9.53674e-007, -16.5192 )

[node name="Monitor4" parent="Rooms/403/Monitors" instance=ExtResource( 4 )]
transform = Transform( 0.535809, 0, 0.844339, 0, 1, 0, -0.844339, 0, 0.535809, 36.2898, -1.90735e-006, -19.0298 )

[node name="Monitor5" parent="Rooms/403/Monitors" instance=ExtResource( 4 )]
transform = Transform( 0.888697, 0, -0.458495, 0, 1, 0, 0.458495, 0, 0.888697, 37.6624, 9.53674e-007, -0.548378 )

[node name="Monitor6" parent="Rooms/403/Monitors" instance=ExtResource( 4 )]
transform = Transform( 0.504969, 0, -0.863138, 0, 0.999999, 0, 0.863138, 0, 0.504969, 35.1848, 0, -2.90892 )

[node name="Monitor7" parent="Rooms/403/Monitors" instance=ExtResource( 4 )]
transform = Transform( 0.700104, 0, -0.714041, 0, 0.999999, 0, 0.714041, 0, 0.700104, 45.7227, 9.53674e-007, 13.5462 )

[node name="Keyboards" type="Spatial" parent="Rooms/403"]
editor/display_folded = true
transform = Transform( 0.00228311, 0, -0.399994, 0, 0.4, 0, 0.399994, 0, 0.00228311, 4.36111, 1.79947, -10.4285 )

[node name="Keyboard" parent="Rooms/403/Keyboards" instance=ExtResource( 5 )]
transform = Transform( 0.720325, 0, -0.693637, 0, 1, 0, 0.693637, 0, 0.720325, -8.58966, 0, -0.509051 )

[node name="Keyboard2" parent="Rooms/403/Keyboards" instance=ExtResource( 5 )]
transform = Transform( 0.994877, 0, 0.101096, 0, 1, 0, -0.101096, 0, 0.994877, -19.332, -4.76837e-007, -0.259237 )

[node name="Keyboard3" parent="Rooms/403/Keyboards" instance=ExtResource( 5 )]
transform = Transform( 0.187501, 0, -0.982264, 0, 1, 0, 0.982264, 0, 0.187501, -17.4845, -4.76837e-007, -7.86844 )

[node name="Keyboard4" parent="Rooms/403/Keyboards" instance=ExtResource( 5 )]
