[gd_scene load_steps=7 format=2]

[ext_resource path="res://scenes/floor.glb" type="PackedScene" id=1]
[ext_resource path="res://accets/Table/Table.tscn" type="PackedScene" id=2]
[ext_resource path="res://accets/Chair/Chair.tscn" type="PackedScene" id=3]
[ext_resource path="res://accets/Monitor/Monitor.tscn" type="PackedScene" id=4]
[ext_resource path="res://accets/Keyboard/Keyboard.tscn" type="PackedScene" id=5]

[sub_resource type="NavigationMesh" id=1]
vertices = PoolVector3Array( -19.3151, 1.21562, -14.1265, -19.3151, 1.21562, -15.0265, -19.9151, 1.21562, -15.3265, -19.9151, 1.21562, -7.52648, -20.8151, 1.21562, -6.62648, -18.7151, 1.21562, -6.32648, -18.7151, 1.21562, -8.42648, -19.9151, 1.21562, -15.3265, -19.6151, 1.21562, -18.6265, -20.5151, 1.21562, -18.6265, -18.7151, 1.21562, -8.42648, -16.9151, 1.21562, -8.72648, -16.9151, 1.21562, -9.62648, -19.3151, 1.21562, -9.62648, -19.9151, 1.21562, -7.52648, -19.3151, 1.21562, -9.62648, -19.3151, 1.21562, -12.9265, -19.9151, 1.21562, -15.3265, -19.9151, 1.21562, -7.52648, -18.7151, 1.21562, -8.42648, -19.3151, 1.21562, -9.62648, -19.3151, 1.21562, -12.9265, -16.9151, 1.21562, -12.9265, -16.9151, 1.21562, -13.8265, -19.3151, 1.21562, -14.1265, -19.9151, 1.21562, -15.3265, -20.5151, 1.21562, -18.6265, -19.9151, 1.21562, -7.52648, -19.3151, 1.21562, -12.9265, -19.3151, 1.21562, -14.1265, -19.9151, 1.21562, -15.3265, -14.8151, 1.21562, -18.6265, -14.8151, 1.21562, -8.72648, -11.5151, 1.21562, -8.72648, -11.5151, 1.21562, -18.6265, -9.71511, 1.21562, -18.6265, -9.71511, 1.21562, -8.72648, -6.41511, 1.21562, -8.72648, -6.41511, 1.21562, -18.6265, -4.61511, 1.21562, -18.6265, -4.61511, 1.21562, -8.72648, 1.08489, 1.21562, -8.72648, 1.08489, 1.21562, -18.6265, 3.18489, 1.21562, -10.2265, 8.88489, 1.21562, -10.2265, 9.18489, 1.21562, -15.3265, 3.18489, 1.21562, -18.6265, 19.0849, 1.21562, -15.3265, 19.0849, 1.21562, -18.6265, 10.9849, 1.21562, -18.6265, 9.18489, 1.21562, -15.3265, 10.9849, 1.21562, -18.6265, 3.18489, 1.21562, -18.6265, 9.18489, 1.21562, -15.3265, 10.9849, 1.21562, -13.2265, 10.9849, 1.21562, -9.92648, 19.0849, 1.21562, -9.92648, 19.0849, 1.21562, -13.2265, -7.01511, 1.21562, -6.62648, -16.6151, 1.21562, -6.62648, -7.01511, 1.21562, -6.32648, 3.48489, 1.21562, 5.37352, 5.28489, 1.21562, 5.07352, 5.58489, 1.21562, 2.67352, 3.18489, 1.21562, 0.573523, 3.18489, 1.21562, 0.573523, 3.18489, 1.21562, 8.07352, 3.48489, 1.21562, 5.37352, 2.88489, 1.21562, -6.62648, -7.01511, 1.21562, -6.62648, -7.01511, 1.21562, -6.32648, 2.88489, 1.21562, -6.32648, 3.18489, 1.21562, 0.573523, 5.58489, 1.21562, 2.67352, 8.88489, 1.21562, 2.67352, 8.88489, 1.21562, -8.12648, 3.18489, 1.21562, -8.12648, 2.88489, 1.21562, -6.62648, 2.88489, 1.21562, -6.32648, 3.18489, 1.21562, 0.573523, 8.88489, 1.21562, 2.67352, 21.1849, 1.21562, 8.07352, 22.9849, 1.21562, 5.37352, 23.8849, 1.21562, 2.07352, 23.8849, 1.21562, 2.07352, 23.5849, 1.21562, -3.32648, 21.1849, 1.21562, -7.82648, 10.9849, 1.21562, -0.0264759, 10.9849, 1.21562, 8.07352, 21.1849, 1.21562, 8.07352, 21.1849, 1.21562, -7.82648, 10.9849, 1.21562, -7.82648, 10.9849, 1.21562, -0.0264759, -18.1151, 1.21562, 1.17352, -16.6151, 1.21562, -0.0264759, -16.6151, 1.21562, -4.22648, -22.9151, 1.21562, -4.22648, -14.8151, 1.21562, 1.17352, -16.3151, 1.21562, 2.37352, -16.3151, 1.21562, 3.27352, -12.4151, 1.21562, 7.47352, -7.91511, 1.21562, 7.47352, -9.71511, 1.21562, 2.67352, -7.91511, 1.21562, 7.47352, -7.61511, 1.21562, 2.97352, -9.71511, 1.21562, 2.67352, -9.71511, 1.21562, -4.22648, -14.8151, 1.21562, -4.22648, -14.8151, 1.21562, 1.17352, -9.71511, 1.21562, 2.67352, -7.61511, 1.21562, -4.22648, -7.61511, 1.21562, 0.873524, -4.01511, 1.21562, 0.873524, -4.01511, 1.21562, -4.22648, -1.91511, 1.21562, -4.22648, -1.91511, 1.21562, 0.873524, 1.08489, 1.21562, 0.873524, 1.08489, 1.21562, -4.22648, -7.61511, 1.21562, 2.97352, -7.91511, 1.21562, 7.47352, -4.91511, 1.21562, 7.47352, -4.91511, 1.21562, 7.47352, -3.71511, 1.21562, 8.97352, 1.08489, 1.21562, 8.07352, 1.08489, 1.21562, 2.97352, -7.61511, 1.21562, 2.97352, 0.784887, 1.21562, 10.1735, -1.61511, 1.21562, 11.0735, 4.98489, 1.21562, 18.8735, 11.8849, 1.21562, 18.8735, 9.78489, 1.21562, 10.1735, 11.8849, 1.21562, 18.8735, 19.0849, 1.21562, 18.8735, 19.0849, 1.21562, 10.1735, 9.78489, 1.21562, 10.1735 )
polygons = [ PoolIntArray( 2, 0, 1 ), PoolIntArray( 6, 3, 5 ), PoolIntArray( 3, 4, 5 ), PoolIntArray( 9, 7, 8 ), PoolIntArray( 13, 10, 12 ), PoolIntArray( 10, 11, 12 ), PoolIntArray( 17, 14, 16 ), PoolIntArray( 14, 15, 16 ), PoolIntArray( 20, 18, 19 ), PoolIntArray( 24, 21, 23 ), PoolIntArray( 21, 22, 23 ), PoolIntArray( 27, 25, 26 ), PoolIntArray( 30, 28, 29 ), PoolIntArray( 34, 31, 33 ), PoolIntArray( 31, 32, 33 ), PoolIntArray( 38, 35, 37 ), PoolIntArray( 35, 36, 37 ), PoolIntArray( 42, 39, 41 ), PoolIntArray( 39, 40, 41 ), PoolIntArray( 46, 43, 45 ), PoolIntArray( 43, 44, 45 ), PoolIntArray( 50, 47, 49 ), PoolIntArray( 47, 48, 49 ), PoolIntArray( 53, 51, 52 ), PoolIntArray( 57, 54, 56 ), PoolIntArray( 54, 55, 56 ), PoolIntArray( 60, 58, 59 ), PoolIntArray( 64, 61, 63 ), PoolIntArray( 61, 62, 63 ), PoolIntArray( 67, 65, 66 ), PoolIntArray( 71, 68, 70 ), PoolIntArray( 68, 69, 70 ), PoolIntArray( 74, 72, 73 ), PoolIntArray( 80, 75, 79 ), PoolIntArray( 75, 78, 79 ), PoolIntArray( 75, 77, 78 ), PoolIntArray( 75, 76, 77 ), PoolIntArray( 83, 81, 82 ), PoolIntArray( 89, 84, 88 ), PoolIntArray( 84, 87, 88 ), PoolIntArray( 84, 85, 87 ), PoolIntArray( 85, 86, 87 ), PoolIntArray( 92, 90, 91 ), PoolIntArray( 96, 93, 95 ), PoolIntArray( 93, 94, 95 ), PoolIntArray( 102, 97, 101 ), PoolIntArray( 97, 100, 101 ), PoolIntArray( 97, 99, 100 ), PoolIntArray( 97, 98, 99 ), PoolIntArray( 105, 103, 104 ), PoolIntArray( 109, 106, 108 ), PoolIntArray( 106, 107, 108 ), PoolIntArray( 113, 110, 112 ), PoolIntArray( 110, 111, 112 ), PoolIntArray( 117, 114, 116 ), PoolIntArray( 114, 115, 116 ), PoolIntArray( 120, 118, 119 ), PoolIntArray( 125, 121, 124 ), PoolIntArray( 121, 122, 124 ), PoolIntArray( 122, 123, 124 ), PoolIntArray( 130, 126, 129 ), PoolIntArray( 126, 128, 129 ), PoolIntArray( 126, 127, 128 ), PoolIntArray( 134, 131, 133 ), PoolIntArray( 131, 132, 133 ) ]
agent/max_climb = 0.1

[node name="level" type="Spatial"]

[node name="players" type="Spatial" parent="."]

[node name="DirectionalLight" type="DirectionalLight" parent="."]
transform = Transform( 1, 0, 0, 0, 0.00453216, 0.99999, 0, -0.99999, 0.00453216, 0, 20.4133, 0 )
visible = false
light_energy = 0.84

[node name="Camera" type="Camera" parent="."]
transform = Transform( 1, 0, 0, 0, 0.896704, 0.44263, 0, -0.44263, 0.896704, 0, 14.6233, 22.4907 )

[node name="desks" type="Spatial" parent="."]
editor/display_folded = true

[node name="maximlipnin" type="Position3D" parent="desks"]
transform = Transform( 1, 0, 0, 0, 1, 0, 0, 0, 1, -21.9417, 2.58368, -16.2265 )

[node name="andreyulrih" type="Position3D" parent="desks"]
transform = Transform( 1, 0, 0, 0, 1, 0, 0, 0, 1, -17.784, 1.42941, -18.4652 )

[node name="dmitriishulaikin" type="Position3D" parent="desks"]
transform = Transform( 1, 0, 0, 0, 1, 0, 0, 0, 1, -22.6062, 1.42277, -7.19733 )

[node name="alekseychichagov" type="Position3D" parent="desks"]
transform = Transform( 1, 0, 0, 0, 1, 0, 0, 0, 1, -23.108, 1.19216, -15.08 )

[node name="viktoriyastarikova" type="Position3D" parent="desks"]
transform = Transform( 1, 0, 0, 0, 1, 0, 0, 0, 1, -22.8985, 1.03066, -10.4456 )

[node name="floor_nav" type="Navigation" parent="."]

[node name="NavigationMeshInstance" type="NavigationMeshInstance" parent="floor_nav"]
navmesh = SubResource( 1 )

[node name="Scene Root" parent="floor_nav/NavigationMeshInstance" instance=ExtResource( 1 )]
transform = Transform( 1, 0, 0, 0, 1, 0, 0, 0, 1, -0.0151119, 1.90735e-006, 0.0735226 )

[node name="412" type="Spatial" parent="floor_nav/NavigationMeshInstance"]

[node name="Tables" type="Spatial" parent="floor_nav/NavigationMeshInstance/412"]
editor/display_folded = true

[node name="Table" parent="floor_nav/NavigationMeshInstance/412/Tables" instance=ExtResource( 2 )]
transform = Transform( -2.18557e-008, 0, 0.5, 0, 0.5, 0, -0.5, 0, -2.18557e-008, -22.5034, 1, -7.5452 )

[node name="Table2" parent="floor_nav/NavigationMeshInstance/412/Tables" instance=ExtResource( 2 )]
transform = Transform( -2.18557e-008, 0, 0.5, 0, 0.5, 0, -0.5, 0, -2.18557e-008, -22.2615, 1, -17.3361 )

[node name="Table3" parent="floor_nav/NavigationMeshInstance/412/Tables" instance=ExtResource( 2 )]
transform = Transform( -2.18557e-008, 0, 0.5, 0, 0.5, 0, -0.5, 0, -2.18557e-008, -17.5836, 1, -14.9942 )

[node name="Table4" parent="floor_nav/NavigationMeshInstance/412/Tables" instance=ExtResource( 2 )]
transform = Transform( 0.5, 0, 0, 0, 0.5, 0, 0, 0, 0.5, -18.1281, 1, -11.4305 )

[node name="Table5" parent="floor_nav/NavigationMeshInstance/412/Tables" instance=ExtResource( 2 )]
transform = Transform( 0.5, 0, 0, 0, 0.5, 0, 0, 0, 0.5, -18.5374, 1, -16.9308 )

[node name="Table6" parent="floor_nav/NavigationMeshInstance/412/Tables" instance=ExtResource( 2 )]
transform = Transform( 0.5, 0, 0, 0, 0.5, 0, 0, 0, 0.5, -21.2602, 1, -9.3577 )

[node name="Table7" parent="floor_nav/NavigationMeshInstance/412/Tables" instance=ExtResource( 2 )]
transform = Transform( 0.5, 0, 0, 0, 0.5, 0, 0, 0, 0.5, -21.359, 1, -14.9432 )

[node name="Table8" parent="floor_nav/NavigationMeshInstance/412/Tables" instance=ExtResource( 2 )]
transform = Transform( 0.5, 0, 0, 0, 0.5, 0, 0, 0, 0.5, -21.35, 1, -12.653 )

[node name="goto" type="Position3D" parent="."]
transform = Transform( 1, 0, 0, 0, 1, 0, 0, 0, 1, -18.6377, 1.36119, -12.971 )

[node name="Rooms" type="Spatial" parent="."]

[node name="412" type="Spatial" parent="Rooms"]

[node name="Chairs" type="Spatial" parent="Rooms/412"]
editor/display_folded = true

[node name="Chair" parent="Rooms/412/Chairs" instance=ExtResource( 3 )]
transform = Transform( 0.0279771, 0, -0.999609, 0, 1, 0, 0.999609, 0, 0.0279771, -22.1866, 1.2898, -12.9285 )

[node name="Chair2" parent="Rooms/412/Chairs" instance=ExtResource( 3 )]
transform = Transform( -0.302731, 0, 0.953076, 0, 1, 0, -0.953076, 0, -0.302731, -17.1072, 1.2898, -16.6883 )

[node name="Chair3" parent="Rooms/412/Chairs" instance=ExtResource( 3 )]
transform = Transform( 0.993091, 0, -0.11735, 0, 1, 0, 0.11735, 0, 0.993091, -22.8397, 1.2898, -6.78171 )

[node name="Chair4" parent="Rooms/412/Chairs" instance=ExtResource( 3 )]
transform = Transform( 0.990824, 0, 0.135157, 0, 1, 0, -0.135157, 0, 0.990824, -21.6172, 1.2898, -6.14219 )

[node name="Chair5" parent="Rooms/412/Chairs" instance=ExtResource( 3 )]
transform = Transform( 0.100805, 0, 0.994906, 0, 1, 0, -0.994906, 0, 0.100805, -17.1469, 1.2898, -11.5313 )

[node name="Chair6" parent="Rooms/412/Chairs" instance=ExtResource( 3 )]
transform = Transform( 0.0228308, 0, -0.999739, 0, 1, 0, 0.999739, 0, 0.0228308, -22.0749, 1.2898, -8.70024 )

[node name="Chair7" parent="Rooms/412/Chairs" instance=ExtResource( 3 )]
transform = Transform( 0.162716, 0, -0.986673, 0, 1, 0, 0.986673, 0, 0.162716, -23.1915, 1.2898, -14.8949 )

[node name="Chair8" parent="Rooms/412/Chairs" instance=ExtResource( 3 )]
transform = Transform( -0.942402, 0, 0.334484, 0, 1, 0, -0.334484, 0, -0.942402, -21.8005, 1.2898, -18.4317 )

[node name="Monitors" type="Spatial" parent="Rooms/412"]
editor/display_folded = true
transform = Transform( 0.00804361, 0, 0.199838, 0, 0.2, 0, -0.199838, 0, 0.00804361, -21.2712, 1.94506, -12.8111 )

[node name="Monitor" parent="Rooms/412/Monitors" instance=ExtResource( 4 )]
transform = Transform( 0.972634, 0, -0.232341, 0, 1, 0, 0.232341, 0, 0.972634, 7.09455, 0, -0.323013 )

[node name="Monitor2" parent="Rooms/412/Monitors" instance=ExtResource( 4 )]
transform = Transform( 0.995317, 0, 0.096661, 0, 1, 0, -0.096661, 0, 0.995317, 11.2574, 0, -0.0155945 )

[node name="Monitor3" parent="Rooms/412/Monitors" instance=ExtResource( 4 )]
transform = Transform( 0.132865, 0, 0.991134, 0, 1, 0, -0.991134, 0, 0.132865, -25.648, 0, -3.23243 )

[node name="Monitor4" parent="Rooms/412/Monitors" instance=ExtResource( 4 )]
transform = Transform( -0.281, 0, 0.959708, 0, 1, 0, -0.959708, 0, -0.281, -25.9739, 0, -6.96339 )

[node name="Monitor5" parent="Rooms/412/Monitors" instance=ExtResource( 4 )]
transform = Transform( 0.539691, 0, -0.841863, 0, 1, 0, 0.841863, 0, 0.539691, 22.7021, 0, -1.97113 )

[node name="Monitor6" parent="Rooms/412/Monitors" instance=ExtResource( 4 )]
transform = Transform( 0.0877557, 0, -0.996142, 0, 1, 0, 0.996142, 0, 0.0877557, 10.9493, 0, 21.1454 )

[node name="Monitor7" parent="Rooms/412/Monitors" instance=ExtResource( 4 )]
transform = Transform( -0.999196, 0, -0.0400921, 0, 1, 0, 0.0400921, 0, -0.999196, 19.7738, 0, 11.8069 )

[node name="Monitor8" parent="Rooms/412/Monitors" instance=ExtResource( 4 )]
transform = Transform( 0.994201, 0, 0.107534, 0, 1, 0, -0.107534, 0, 0.994201, 0.472534, 0, 0.440994 )

[node name="Monitor9" parent="Rooms/412/Monitors" instance=ExtResource( 4 )]
transform = Transform( 0.0328494, 0, -0.99946, 0, 1, 0, 0.99946, 0, 0.0328494, 20.9731, 0, -6.40619 )

[node name="Keyboards" type="Spatial" parent="Rooms/412"]
editor/display_folded = true
transform = Transform( 0.0268596, 0, -0.399097, 0, 0.4, 0, 0.399097, 0, 0.0268596, -21.6142, 1.82066, -12.9194 )

[node name="Keyboard" parent="Rooms/412/Keyboards" instance=ExtResource( 5 )]
transform = Transform( -0.0181248, 0, 0.999835, 0, 1, 0, -0.999835, 0, -0.0181248, 13.8621, 0, 3.69408 )

[node name="Keyboard2" parent="Rooms/412/Keyboards" instance=ExtResource( 5 )]
transform = Transform( 0.996871, 0, -0.0790467, 0, 1, 0, 0.0790467, 0, 0.996871, -5.38774, 0, -0.504333 )

[node name="Keyboard3" parent="Rooms/412/Keyboards" instance=ExtResource( 5 )]
transform = Transform( 1, 0, -2.23517e-008, 0, 1, 0, 2.23517e-008, 0, 1, 0, 0, -0.166424 )

[node name="Keyboard4" parent="Rooms/412/Keyboards" instance=ExtResource( 5 )]
transform = Transform( -0.053414, 0, -0.998572, 0, 1, 0, 0.998572, 0, -0.053414, -11.3447, 0, 0.951183 )

[node name="Keyboard5" parent="Rooms/412/Keyboards" instance=ExtResource( 5 )]
transform = Transform( -0.0840423, 0, -0.996462, 0, 1, 0, 0.996462, 0, -0.0840423, -5.05543, 0, -12.0093 )

[node name="Keyboard6" parent="Rooms/412/Keyboards" instance=ExtResource( 5 )]
transform = Transform( -0.997058, 0, 0.0766416, 0, 1, 0, -0.0766416, 0, -0.997058, -8.65979, 0, -8.80119 )
